home = ( -0.00102265386, -1.864466689, -0.03521254697, 3.084236238, -0.03819137736, 0.141221118, -0.006883906139 );
zeroangle = ( 4.855049194, 5.052932715, 4.67250548, 5.803049321, 2.093883775, 1.049242859, 4.902602598 );
